Results of SVD:
MAE: 1.2646900285067053
RMSE: 1.637555367567699
MSE: 2.6815875818497816

Results of SVD:
MAE: 3.1710330935278215
RMSE: 3.974690036829292
MSE: 15.798160888870036

